0
0.1
0.2
0.3
0.4
0.5
0.6
0.7
0.8
0.9
1
1.1
1.2
1.3
1.4
1.5
1.6
1.7
1.8
1.9
2
2.1
2.2
2.3
2.4
2.5
2.6
2.7
2.8
2.9
3
3.1
3.2
3.3
3.4
3.5
3.6
3.7
3.8
3.9
4
4.1
4.2
4.3
4.4
4.5
4.6
4.7
4.8
4.9
5
5.1
5.2
5.3
5.4
5.5
5.6
5.7
5.8
5.9
6
6.1
6.2
6.3
6.4
6.5
6.6
6.7
6.8
6.9
7
7.1
7.2
7.3
7.4
7.5
7.6
7.7
7.8
7.9
8
8.1
8.2
8.3
8.4
8.5
8.6
8.7
8.8
8.9
9
9.1
9.2
9.3
9.4
9.5
9.6
9.7
9.8
9.9
10
10.1
10.2
10.3
10.4
10.5
10.6
10.7
10.8
10.9
11
11.1
11.2
11.3
11.4
11.5
11.6
11.7
11.8
11.9
12
12.1
12.2
12.3
12.4
12.5
12.6
12.7
0.06
0.00951057
0.0566312
0.0176336
-0.00309017
-6.12323e-19
-0.00927051
-0.0470228
0.00809017
-0.0760845
-0.08
-0.0951056
0.00809017
-0.0176335
-0.0247213
5.99211e-08
-0.00309018
0
0.0242705
0.0951057
0.01
0.0190211
0.0404508
0
0.0278116
7.49014e-09
-0.0278114
-0.0352671
0.00809016
-0
-0.04
-0.0570634
-0.00809019
-0
-0.0030902
3.74507e-08
0.0247211
0.0411447
-0.00809014
0.0380422
0.02
0.0570635
0.0242706
0.0470232
0.0309022
2.99606e-07
-0.0247209
-0.0411446
0.00809013
-0.0380422
-0.09
-0.0855953
-0.0323609
-0.0293896
-0.00618051
-5.3929e-07
0.00927025
0.00587778
0.0404506
0.0570632
0.04
0.0285318
0.0161805
0.0529015
0.0123611
4.79369e-07
-0.0123602
-0.0293888
0.00809009
-0.0760842
0.01
-0.0570636
-0.0566318
-0.0176339
-0.00927093
-8.98817e-07
0.00927007
0.0176332
0.0485405
0.0665736
0.03
0.00951062
0.0404513
0.0352678
0
2.39685e-07
-0.00618013
-0.0293889
-0.0809012
-0.0380422
-0.1
-0.0380423
-0.0242706
-0.0352672
-0.00309018
-2.05784e-16
0.00927054
0
0.0566313
-0.00951058
0.02
0.0951054
0.0485407
0.0587777
0.0309007
1.19842e-07
-0.00927089
0.00587797
-0.0485416
-0.0380425
-0.05
-0.019021
-0.0485403
-0.0352661
-0.0216297
0
0.0123616
0.00587807
0.0161807
-0.00951065
0.07
0.0951047
-0.00808998
0.00587758
0.0278086
-1.43811e-06
-0.00618105
-0.0587816
0.0169906
0.00872121
0.0234885
0.0184674
0.0148472
0.0154763
0.0121912
-0.0056248
0.0035582
-0.025501
-0.0360561
-0.0485788
-0.0295151
-0.0357017
-0.0349786
-0.0300809
-0.0225252
-0.0133662
0.00264625
0.0246741
0.0122869
0.0190894
0.0275875
0.0205481
0.0280541
0.0197162
0.00268733
-0.00348203
0.00275917
-0.00315504
-0.0148718
-0.0262151
-0.0179035
-0.0140225
-0.0118951
-0.0119276
-0.00421284
0.00742563
0.00339291
0.0168664
0.0157245
0.0286545
0.0249352
0.031557
0.0280759
0.0231533
0.0124123
0.00272899
0.00633429
-0.00935739
-0.032869
-0.0437666
-0.0376718
-0.0383461
-0.0312649
-0.0303847
-0.022834
-0.0131159
0.00608723
0.0184107
0.022549
0.0244853
0.0242757
0.0355189
0.0282902
0.0217827
0.0125237
0.00225934
0.0066196
-0.0188873
-0.00744485
-0.0271119
-0.0326832
-0.0262555
-0.0232058
-0.0218878
-0.0118884
-0.00866784
0.00813498
0.0239898
0.0225744
0.0213569
0.0313957
0.0328474
0.0241785
0.0190681
0.010678
0.000275909
-0.0188555
-0.0193827
-0.0449026
-0.038014
-0.0386498
-0.0435834
-0.0344437
-0.0255233
-0.0181158
-0.00964777
0.0105752
0.000313315
0.0115848
0.0352805
0.0316574
0.0390716
0.0373003
0.0268585
0.0249185
0.0251833
0.00029129
-0.007085
-0.0206424
-0.0203261
-0.0310749
-0.0314684
-0.0314406
-0.0226184
-0.0151242
-0.0105302
-0.00437598
-0.0047537
0.0205883
0.0367423
0.0174127
0.0202602
0.0267074
0.0198046
0.0179476
-0.00518568
0.0169906
0.00872121
0.0234885
0.0184674
0.0148472
0.0154763
0.0121912
-0.000851982
0.00229094
-0.0207325
-0.0294222
-0.0422961
-0.0235814
-0.0311743
-0.0349786
-0.0294373
-0.000875064
-0.000310463
0.00653825
0.0290221
0.0146671
0.0190894
0.0275875
0.0203023
0.00787557
0.00279416
-0.0048643
-0.00964995
-0.00113541
-0.00315504
-0.0148718
-0.0240028
-0.00229095
-0.000812801
-0.00175102
-0.00122123
0.00575589
0.0129197
0.00339291
0.0162229
0.00566352
0.0181684
0.0147713
0.0241842
0.0247765
0.0194907
0.0124123
0.00431993
0.00229093
-0.00995983
-0.0284319
-0.0364888
-0.0308807
-0.0343847
-0.0312649
-0.0297412
0.00262511
0.0025958
0.0130489
0.0219029
0.0231441
0.0244854
0.0242757
0.0362564
0.00350037
0.00124203
-0.00216169
-0.00817234
-0.000609616
-0.0239807
-0.00744485
-0.0261287
-0.0160368
-0.0106832
-0.0105286
-0.00921644
-0.00673358
-0.0031738
0.00813498
0.0194849
0.00849528
0.0057072
0.0156585
0.0184581
0.0123679
0.0126584
0.010678
0.00266232
-0.0229093
-0.0189006
-0.040899
-0.034046
-0.0349041
-0.0407538
-0.0344437
-0.0319588
0.00262519
0.000931389
0.0170404
0.0040401
0.0118823
0.0352805
0.0316574
0.0398091
0.00875033
0.00310455
0.000720419
0.00421182
-0.0106835
-0.0127441
-0.0206424
-0.0178681
-0.0137454
-0.0148632
-0.0149237
-0.011456
-0.00827106
-0.00869888
-0.00437598
-0.00861494
0.0198223
0.0339641
0.0148431
0.0190293
0.0261691
0.0207203
0.0179476
0.000382606
0.0239083
0.011513
0.0313686
0.0226921
0.0158552
0.0153
0.00971378
-0.00881743
0.00453765
-0.0305018
-0.0441638
-0.0622549
-0.0341682
-0.0427438
-0.0456342
-0.0327021
-0.0286918
-0.0197292
-0.00326555
0.0339081
0.0177371
0.0266922
0.0386878
0.0296647
0.0373226
0.024762
0.00687848
-0.00264039
0.00569016
-0.00112773
-0.0202107
-0.0348353
-0.0243683
-0.0217065
-0.0182167
-0.0155112
-0.00275251
0.0112605
-0.000420053
0.0205351
0.0201377
0.0374643
0.0306064
0.04267
0.0408132
0.0281813
0.0123357
-0.0018877
0.00801517
-0.0137598
-0.0432356
-0.055165
-0.0452808
-0.0492688
-0.0411084
-0.0358593
-0.0254995
-0.0193575
0.00306045
0.0221383
0.028094
0.0319811
0.0319412
0.0504448
0.0391984
0.0300369
0.0181267
0.00423341
0.00959746
-0.0276202
-0.0071714
-0.0354844
-0.0446305
-0.0356124
-0.0316754
-0.025748
-0.0180493
-0.00924292
0.0117083
0.029779
0.0274445
0.0253801
0.0392271
0.0430046
0.0290975
0.0271739
0.0187447
0.00200284
-0.0275858
-0.0256722
-0.0589059
-0.0491793
-0.04874
-0.0532231
-0.0394027
-0.033145
-0.0237431
-0.0183814
0.0121291
-0.000727775
0.0153043
0.0519425
0.0474409
0.0557375
0.0503302
0.0357597
0.0270944
0.026467
-0.00112519
-0.00876584
-0.0237343
-0.0221184
-0.0399829
-0.0407831
-0.0411264
-0.0335904
-0.0220768
-0.0172978
-0.00551105
-0.00775511
0.0270216
0.0494318
0.0237602
0.0277766
0.0357679
0.0249632
0.0194403
-0.00756019
0.0239083
0.011513
0.0313686
0.0226921
0.0158552
0.0153
0.00971378
-0.00881743
0.00453765
-0.0305018
-0.0441638
-0.0622549
-0.0341682
-0.0427438
-0.0456342
-0.0352828
-0.0248464
-0.0192449
-0.00441568
0.0322054
0.0155697
0.0246947
0.0386878
0.0293168
0.0302878
0.0201243
0.00584572
-0.00432189
0.00464001
-0.00112773
-0.0202107
-0.0347024
-0.0191582
-0.016095
-0.0159105
-0.0131775
-0.00103417
0.0112605
-0.000420053
0.0193389
0.0189068
0.0356315
0.0288864
0.0395194
0.0369617
0.0257573
0.0123357
-0.00153973
0.00855468
-0.0117729
-0.0402579
-0.0526277
-0.0441896
-0.0476528
-0.0411084
-0.0367195
-0.0210501
-0.0165898
0.00300377
0.020022
0.0254919
0.0302333
0.0319412
0.0500969
0.0307456
0.0242358
0.0154657
0.00275182
0.00933489
-0.0276203
-0.0071714
-0.0358832
-0.0401241
-0.0305999
-0.0275884
-0.0224036
-0.0153666
-0.00699569
0.0117083
0.0292473
0.0258748
0.0224075
0.0360761
0.0385078
0.02737
0.0247498
0.0187447
0.00443864
-0.0286535
-0.0240388
-0.0553856
-0.0446838
-0.044167
-0.0503951
-0.0394027
-0.0344353
-0.0201548
-0.0169821
0.0114812
-0.00180649
0.0139333
0.0506941
0.0474409
0.0592172
0.043385
0.0321641
0.0246442
0.0248523
-0.00125646
-0.00876584
-0.0237343
-0.0225171
-0.0369187
-0.0369198
-0.0343528
-0.0260282
-0.0177979
-0.0148009
-0.00551105
-0.00908419
0.0251936
0.0459563
0.0185204
0.0237273
0.0329265
0.0241552
0.0194403
-0.00547241
0.0232818
0.0110371
0.0301811
0.0214051
0.0144256
0.0136609
0.00811205
-0.00988506
0.00343721
-0.0302793
-0.0428834
-0.0595523
-0.0310464
-0.0384419
-0.0405302
-0.0300141
-0.0262876
-0.0199068
-0.00462394
0.0316493
0.0155786
0.0243591
0.0376604
0.0279948
0.0381162
0.0284896
0.013985
0.00286012
0.00996013
0.00239442
-0.0182313
-0.0338739
-0.0248017
-0.0237728
-0.0244759
-0.0217614
-0.00904702
0.00436736
-0.00544437
0.0157222
0.0169638
0.0362394
0.0315248
0.0431487
0.0411168
0.0299056
0.0160929
0.0015802
0.0101406
-0.0119916
-0.0411465
-0.0539001
-0.0456319
-0.0482992
-0.0409074
-0.0353743
-0.0264372
-0.0203761
0.000383893
0.0185484
0.0251382
0.0304358
0.0321231
0.0495067
0.0395723
0.0336439
0.0245148
0.0108856
0.0157256
-0.0223058
-0.0042105
-0.033926
-0.0442209
-0.0377408
-0.0362235
-0.0313458
-0.0237254
-0.0141978
0.00568793
0.0246876
0.0241246
0.0238205
0.0391648
0.0426391
0.0320032
0.0290615
0.0223738
0.00736211
-0.0220242
-0.0209137
-0.0542
-0.0456521
-0.0462815
-0.0528259
-0.0417763
-0.0361874
-0.0263849
-0.0217199
0.00767733
-0.00362853
0.0128962
0.049726
0.0468045
0.057897
0.0532183
0.0416972
0.032811
0.0308176
0.00285067
-0.00675301
-0.0230797
-0.0231043
-0.0412444
-0.0444012
-0.0435366
-0.035797
-0.0270692
-0.022626
-0.0115867
-0.0131453
0.0227574
0.0463946
0.0220556
0.0287081
0.0383171
0.0296367
0.0243114
-0.00106975
0.0232818
0.0110371
0.0301811
0.021405
0.0144256
0.0136609
0.00811205
-0.00988505
0.00343721
-0.0302793
-0.0428834
-0.0595523
-0.0310464
-0.0384419
-0.0405302
-0.0300141
-0.0262876
-0.0199068
-0.00462394
0.0316493
0.0155786
0.0243591
0.0376604
0.0279948
0.0381162
0.0284896
0.013985
0.00286013
0.00996012
0.00239442
-0.0182313
-0.0341734
-0.0238003
-0.0227932
-0.0236966
-0.0212297
-0.00879993
0.00436736
-0.00544437
0.0156818
0.0180725
0.0367376
0.0318714
0.0432786
0.0411168
0.0299056
0.0160929
0.00159563
0.00854873
-0.012828
-0.0416619
-0.0541126
-0.0456319
-0.0482992
-0.0409074
-0.0355131
-0.0245392
-0.0188312
0.00162484
0.0193447
0.025438
0.0304358
0.0321231
0.0495471
0.0381351
0.0325387
0.0238283
0.0105374
0.0155257
-0.0223058
-0.00421049
-0.0340258
-0.0435632
-0.0368186
-0.035371
-0.0307932
-0.0235092
-0.0141978
0.00568793
0.0246472
0.0254432
0.0243823
0.0393827
0.0426715
0.0320032
0.0290615
0.0223738
0.00731582
-0.0244464
-0.0225844
-0.0552856
-0.0462805
-0.0465595
-0.0528259
-0.0417763
-0.0362492
-0.024292
-0.0201209
0.00880451
-0.00309495
0.013196
0.049726
0.0468045
0.0581798
0.0507385
0.0395882
0.0312513
0.0298787
0.00250085
-0.00675301
-0.0230797
-0.0232541
-0.040759
-0.0437934
-0.0430456
-0.0354627
-0.0269148
-0.022626
-0.0115867
-0.0127413
0.0237741
0.0469293
0.0222726
0.0287243
0.0383171
0.0296367
0.0243114
-0.00111604
0.0248928
0.0117549
0.0321744
0.0227076
0.015165
0.0142941
0.00833819
-0.0108874
0.00344089
-0.0325067
-0.0458088
-0.0633982
-0.0326389
-0.0403234
-0.0423943
-0.0310606
-0.0270868
-0.0203733
-0.00423227
0.0342609
0.0166712
0.0256392
0.0394619
0.0287728
0.0393504
0.028928
0.0134395
0.001735
0.00967544
0.0020285
-0.0195254
-0.036033
-0.0261215
-0.0251265
-0.02608
-0.0233487
-0.00990887
0.00433107
-0.00602355
0.0166937
0.0184632
0.0398446
0.0358711
0.0490242
0.0473087
0.0355365
0.0206305
0.00469642
0.0132085
-0.0114093
-0.0440848
-0.0591088
-0.0514655
-0.0553747
-0.0480859
-0.0424754
-0.0327644
-0.0255682
-0.00215309
0.0185891
0.0269551
0.0340377
0.0373181
0.0566791
0.0465853
0.0400357
0.0298161
0.0144346
0.0183664
-0.0235253
-0.00526525
-0.038348
-0.0501529
-0.0436167
-0.0420392
-0.0371518
-0.0288212
-0.0179321
0.00435294
0.025731
0.0263251
0.0273744
0.0448568
0.0497778
0.0391949
0.0361824
0.0288396
0.0119252
-0.020586
-0.020692
-0.0578326
-0.0504986
-0.0527974
-0.0608333
-0.0496587
-0.0440655
-0.0334691
-0.0277964
0.00485729
-0.00599701
0.0133
0.0544175
0.0527834
0.0660934
0.0618486
0.0498948
0.0400482
0.0370867
0.00604024
-0.00566364
-0.0248013
-0.0267466
-0.0475269
-0.0516716
-0.0510895
-0.0428483
-0.033066
-0.0275582
-0.0145947
-0.0145956
0.0256265
0.0527648
0.028152
0.0362857
0.0471614
0.0378684
0.0313111
0.00294591
0.0248928
0.0117549
0.0321744
0.0227076
0.015165
0.0142941
0.00833819
-0.0108874
0.00344089
-0.0325067
-0.0458088
-0.0633982
-0.0326389
-0.0403234
-0.0423943
-0.0310606
-0.0270869
-0.0203733
-0.00423227
0.0342609
0.0166712
0.0256392
0.0394619
0.0287728
0.0393504
0.028928
0.0134395
0.001735
0.00967545
0.0020285
-0.0195254
-0.036033
-0.0261215
-0.0251265
-0.0260801
-0.0233487
-0.00990887
0.00433108
-0.00602355
0.0166937
0.0184632
0.0398446
0.0358711
0.0490242
0.0473087
0.0355366
0.0206305
0.00469642
0.0132085
-0.0114093
-0.0440848
-0.0591088
-0.0514655
-0.0553748
-0.0480859
-0.0424754
-0.0327644
-0.0255682
-0.00215309
0.0185891
0.0269551
0.0340377
0.0373181
0.0570454
0.0459305
0.0397166
0.0297139
0.0144568
0.0185209
-0.0233138
-0.00526525
-0.0382986
-0.0497264
-0.0432694
-0.0420333
-0.0370131
-0.02871
-0.0179321
0.00435295
0.0257121
0.0262277
0.0270225
0.0447662
0.0495952
0.039013
0.0361824
0.0288396
0.012095
-0.0209477
-0.0209238
-0.05801
-0.0504026
-0.0524805
-0.0605767
-0.0496587
-0.0441149
-0.0331384
-0.0276942
0.00474137
-0.00616268
0.0132452
0.0542463
0.0527834
0.0662155
0.0612343
0.0493518
0.0398076
0.037146
0.00625015
-0.00547856
-0.0248013
-0.0266972
-0.0470188
-0.0512242
-0.0508735
-0.0427013
-0.0330382
-0.0275582
-0.0145947
-0.014539
0.0258081
0.0527045
0.0280343
0.0361185
0.0469618
0.0376304
0.0313111
0.00302137
0.0244638
0.0115411
0.0315968
0.0222728
0.0148407
0.0139722
0.0081136
-0.0107764
0.00332567
-0.0319777
-0.0450085
-0.0622388
-0.0319421
-0.0394412
-0.0414384
-0.0302794
-0.0263775
-0.0198062
-0.0039912
0.0337696
0.0163865
0.0251008
0.038592
0.0280045
0.0383438
0.0280718
0.012856
0.00139869
0.00928451
0.00187223
-0.0191952
-0.0352948
-0.0254312
-0.0243522
-0.0252213
-0.0225084
-0.00931441
0.00461974
-0.00566028
0.0165374
0.0181281
0.0389902
0.0349398
0.0477466
0.0459743
0.0343636
0.0197279
0.00414008
0.0126316
-0.0114028
-0.0433298
-0.0578918
-0.0501801
-0.0538543
-0.0465729
-0.0410067
-0.0314826
-0.0245021
-0.0016448
0.0185315
0.0265079
0.0332133
0.0361993
0.0553918
0.045447
0.0393119
0.0294269
0.0143623
0.0182828
-0.0229056
-0.00521985
-0.0377239
-0.0497868
-0.0438996
-0.0429895
-0.0381852
-0.0299757
-0.0191689
0.00308315
0.0245168
0.025582
0.0272427
0.0454615
0.0508122
0.0407903
0.0381373
0.0307971
0.013986
-0.018478
-0.0193985
-0.0568637
-0.0503679
-0.0532711
-0.0618929
-0.0515728
-0.0462536
-0.035693
-0.0297262
0.00298964
-0.00676254
0.013315
0.0545506
0.053888
0.0676364
0.0640987
0.05254
0.0428857
0.0396415
0.00836354
-0.00425687
-0.0244109
-0.0273922
-0.0490057
-0.0543819
-0.0548483
-0.0471321
-0.0374423
-0.03139
-0.0175858
-0.0161847
0.024884
0.0532873
0.0307977
0.0401385
0.0517036
0.0428757
0.0364284
0.00768094
0.0244638
0.0115411
0.0315968
0.0222728
0.0148407
0.0139722
0.0081136
-0.0107764
0.00332566
-0.0319777
-0.0450085
-0.0622388
-0.0319421
-0.0394412
-0.0414384
-0.0302794
-0.0263775
-0.0198062
-0.0039912
0.0337696
0.0163864
0.0251008
0.038592
0.0280045
0.0383438
0.0280718
0.012856
0.00139869
0.00928451
0.00187223
-0.0191952
-0.0352948
-0.0254312
-0.0243522
-0.0252213
-0.0225084
-0.0093144
0.00461973
-0.00566028
0.0165374
0.0181281
0.0389902
0.0349398
0.0477466
0.0459743
0.0343636
0.0197279
0.00414008
0.0126316
-0.0114028
-0.0433298
-0.0578918
-0.05018
-0.0538543
-0.0465729
-0.0410067
-0.0314825
-0.0245021
-0.0016448
0.0185315
0.0265079
0.0332133
0.0361993
0.0553918
0.045447
0.0393119
0.0294269
0.0143623
0.0182828
-0.0229056
-0.00521985
-0.0377239
-0.0497868
-0.0438996
-0.0429895
-0.0381852
-0.0299757
-0.0191689
0.00308315
0.0245168
0.025582
0.0272427
0.0454615
0.0508122
0.0407903
0.0381373
0.0307971
0.013986
-0.018478
-0.0193985
-0.0568636
-0.0503679
-0.0532711
-0.0618929
-0.0515728
-0.0462536
-0.0356929
-0.0297262
0.00298964
-0.00676254
0.013315
0.0545506
0.053888
0.0676364
0.0640986
0.05254
0.0428857
0.0396414
0.00836354
-0.00425687
-0.0244109
-0.0273922
-0.0490057
-0.0543819
-0.0548483
-0.0471321
-0.0374423
-0.03139
-0.0175858
-0.0161847
0.024884
0.0532873
0.0307977
0.0401385
0.0517036
0.0428757
0.0364284
0.00784893
0.0246823
0.0116413
0.0318731
0.0224608
0.0149575
0.014078
0.00816575
-0.0108918
0.00334136
-0.0322712
-0.0454078
-0.0627779
-0.0321937
-0.0397465
-0.041752
-0.0304883
-0.0265524
-0.0199291
-0.00398484
0.034096
0.0165334
0.0253009
0.0388893
0.0281867
0.0386044
0.0282334
0.0128832
0.00133501
0.00931179
0.0018589
-0.0193681
-0.035581
-0.0255988
-0.0244851
-0.0253452
-0.0226011
-0.00929284
0.00475072
-0.0056469
0.0167174
0.0182857
0.0392969
0.0351744
0.0480662
0.0462569
0.0345324
0.0197693
0.00406005
0.0126586
-0.0115513
-0.0437178
-0.0583599
-0.0505301
-0.0541959
-0.0468206
-0.0411918
-0.0315876
-0.0245674
-0.00154391
0.0187614
0.0267489
0.0334515
0.036406
0.0557223
0.0456546
0.0394495
0.0294818
0.0143093
0.0183106
-0.023187
-0.0052735
-0.0379978
-0.0501017
-0.0441054
-0.0431478
-0.038283
-0.0300063
-0.0191329
0.00326698
0.0248234
0.0258178
0.0274108
0.0457166
0.0510523
0.0408972
0.0382021
0.0308049
0.0138787
-0.0188162
-0.0196649
-0.0573737
-0.0507241
-0.0535646
-0.0621915
-0.0517304
-0.0463444
-0.0357017
-0.0297248
0.00321404
-0.00671655
0.013439
0.05494
0.0541737
0.0679638
0.0643378
0.0526503
0.0429193
0.0396903
0.00820683
-0.00442747
-0.0246479
-0.0275378
-0.0492351
-0.0545682
-0.0549751
-0.047161
-0.0373939
-0.0313349
-0.0174879
-0.0161806
0.0251344
0.0536649
0.0308529
0.0401774
0.0517771
0.0428382
0.0363425
0.00755737
0.0246823
0.0116413
0.0318731
0.0224608
0.0149575
0.0140779
0.00816575
-0.0108918
0.00334136
-0.0322712
-0.0454078
-0.0627778
-0.0321937
-0.0397465
-0.041752
-0.0304883
-0.0265524
-0.0199291
-0.00398485
0.034096
0.0165334
0.0253009
0.0388893
0.0281867
0.0386044
0.0282334
0.0128832
0.00133501
0.00931178
0.00185891
-0.0193681
-0.035581
-0.0255988
-0.0244851
-0.0253452
-0.0226011
-0.00929284
0.00475071
-0.0056469
0.0167174
0.0182857
0.0392969
0.0351744
0.0480662
0.0462569
0.0345324
0.0197693
0.00406005
0.0126586
-0.0115513
-0.0437178
-0.0583599
-0.0505301
-0.0541959
-0.0468206
-0.0411918
-0.0315876
-0.0245674
-0.00154391
0.0187614
0.0267488
0.0334515
0.036406
0.0557223
0.0456546
0.0394495
0.0294818
0.0143093
0.0183106
-0.023187
-0.0052735
-0.0379978
-0.0501017
-0.0441054
-0.0431478
-0.038283
-0.0300063
-0.0191329
0.00326698
0.0248234
0.0258178
0.0274108
0.0457166
0.0510523
0.0408972
0.0382021
0.0308049
0.0138787
-0.0188162
-0.0196649
-0.0573738
-0.0507241
-0.0535646
-0.0621914
-0.0517304
-0.0463444
-0.0357017
-0.0297248
0.00321404
-0.00671655
0.013439
0.05494
0.0541737
0.0679638
0.0643378
0.0526503
0.0429193
0.0396903
0.00820683
-0.00442747
-0.0246479
-0.0275378
-0.0492351
-0.0545682
-0.0549751
-0.047161
-0.0373939
-0.0313349
-0.0174878
-0.0161806
0.0251344
0.0536648
0.0308529
0.0401774
0.0517771
0.0428382
0.0363424
0.00755737
0.0246079
0.0116056
0.0317757
0.0223904
0.0149085
0.0140308
0.0081361
-0.0108638
0.00332781
-0.0321759
-0.0452703
-0.0625845
-0.0320883
-0.0396151
-0.0416122
-0.0303811
-0.0264573
-0.0198557
-0.0039624
0.0339994
0.0164837
0.0252186
0.0387603
0.0280849
0.0384678
0.0281262
0.0128227
0.00131208
0.00926992
0.00184585
-0.0193101
-0.0354665
-0.0255069
-0.0243903
-0.0252437
-0.0225061
-0.00923886
0.00475865
-0.00561404
0.016675
0.0182295
0.0391682
0.0350493
0.0478949
0.0460859
0.0343941
0.0196764
0.00401884
0.0125992
-0.011528
-0.0435864
-0.058172
-0.0503535
-0.0539981
-0.0466378
-0.0410229
-0.0314488
-0.0244553
-0.00151065
0.0187208
0.0266693
0.0333363
0.0362675
0.0555138
0.045468
0.0392778
0.0293416
0.0142214
0.0182219
-0.0231361
-0.00525934
-0.0378677
-0.0499187
-0.0439265
-0.0429621
-0.0381076
-0.0298574
-0.019024
0.00329574
0.0247703
0.0257419
0.0273097
0.0455416
0.0508457
0.0407105
0.038019
0.0306461
0.0137795
-0.0188022
-0.0196286
-0.0572014
-0.0505481
-0.0533582
-0.0619414
-0.0514998
-0.0461253
-0.0355177
-0.0295694
0.00325306
-0.00667012
0.0133997
0.0547504
0.0539623
0.067691
0.0640618
0.0524033
0.0427039
0.0394955
0.00812512
-0.00444678
-0.0245783
-0.0274305
-0.0490356
-0.0543301
-0.0547202
-0.0469225
-0.0371871
-0.031158
-0.0173724
-0.0160952
0.0250657
0.053479
0.0307059
0.0399778
0.0515257
0.0426059
0.0361319
0.00744575
0.0246079
0.0116056
0.0317757
0.0223904
0.0149085
0.0140308
0.0081361
-0.0108638
0.00332781
-0.0321759
-0.0452703
-0.0625845
-0.0320883
-0.0396151
-0.0416122
-0.0303811
-0.0264573
-0.0198557
-0.0039624
0.0339994
0.0164837
0.0252186
0.0387604
0.0280849
0.0384678
0.0281263
0.0128227
0.00131208
0.00926992
0.00184585
-0.0193101
-0.0354665
-0.0255069
-0.0243904
-0.0252437
-0.0225061
-0.00923886
0.00475865
-0.00561404
0.016675
0.0182295
0.0391682
0.0350493
0.0478949
0.0460859
0.0343942
0.0196764
0.00401883
0.0125992
-0.011528
-0.0435864
-0.058172
-0.0503535
-0.0539981
-0.0466379
-0.0410229
-0.0314488
-0.0244554
-0.00151065
0.0187208
0.0266693
0.0333363
0.0362675
0.0555138
0.045468
0.0392779
0.0293416
0.0142214
0.0182219
-0.0231361
-0.00525935
-0.0378677
-0.0499188
-0.0439265
-0.0429621
-0.0381076
-0.0298574
-0.019024
0.00329573
0.0247703
0.0257419
0.0273097
0.0455416
0.0508458
0.0407105
0.038019
0.0306462
0.0137795
-0.0188022
-0.0196286
-0.0572014
-0.0505482
-0.0533582
-0.0619414
-0.0514999
-0.0461253
-0.0355177
-0.0295694
0.00325307
-0.00667012
0.0133997
0.0547504
0.0539623
0.067691
0.0640618
0.0524033
0.042704
0.0394955
0.00812512
-0.00444678
-0.0245783
-0.0274305
-0.0490356
-0.0543302
-0.0547202
-0.0469225
-0.0371871
-0.031158
-0.0173724
-0.0160952
0.0250657
0.053479
0.0307059
0.0399779
0.0515257
0.0426059
0.0361319
0.00744575
0.0246816
0.0116401
0.0318704
0.0224567
0.0149521
0.0140716
0.00815919
-0.0108975
0.0033369
-0.0322727
-0.0454057
-0.0627709
-0.0321823
-0.0397308
-0.0417333
-0.0304682
-0.0265328
-0.0199118
-0.00397164
0.0341028
0.0165331
0.0252926
0.0388734
0.0281647
0.0385779
0.0282049
0.0128556
0.00131127
0.00929421
0.00184951
-0.019368
-0.0355709
-0.0255795
-0.0244581
-0.025313
-0.0225668
-0.00926001
0.00477847
-0.00562688
0.0167269
0.0182838
0.0392829
0.0351494
0.0480317
0.0462159
0.0344886
0.0197269
0.00402361
0.0126316
-0.0115654
-0.0437169
-0.0583431
-0.0504982
-0.0541511
-0.046767
-0.0411345
-0.031532
-0.0245191
-0.00150801
0.0187808
0.0267494
0.0334325
0.0363688
0.0556698
0.0455919
0.0393822
0.0294166
0.0142527
0.0182681
-0.0232101
-0.00527552
-0.0379772
-0.0500602
-0.0440464
-0.0430768
-0.0382067
-0.0299321
-0.0190682
0.00331527
0.0248499
0.0258194
0.0273868
0.0456687
0.0509848
0.0408164
0.0381158
0.0307214
0.0138065
-0.0188692
-0.0196931
-0.0573728
-0.0506937
-0.0535067
-0.0621111
-0.0516353
-0.0462435
-0.035605
-0.0296415
0.00327498
-0.00668355
0.0134401
0.0549083
0.0541118
0.0678766
0.0642331
0.0525381
0.0428103
0.039595
0.0081352
-0.00446826
-0.024653
-0.0275065
-0.0491696
-0.0544744
-0.0548617
-0.0470389
-0.0372749
-0.0312306
-0.0174088
-0.0161343
0.0251425
0.0536331
0.0307844
0.0400779
0.0516561
0.0427076
0.0362148
0.00744584
0.0246816
0.0116401
0.0318704
0.0224567
0.0149521
0.0140716
0.00815918
-0.0108975
0.0033369
-0.0322727
-0.0454057
-0.0627708
-0.0321823
-0.0397307
-0.0417333
-0.0304682
-0.0265327
-0.0199117
-0.00397164
0.0341027
0.0165331
0.0252926
0.0388734
0.0281647
0.0385779
0.0282049
0.0128556
0.00131127
0.00929421
0.00184951
-0.019368
-0.0355709
-0.0255795
-0.0244581
-0.025313
-0.0225667
-0.00926001
0.00477846
-0.00562688
0.0167269
0.0182838
0.0392828
0.0351494
0.0480317
0.0462159
0.0344885
0.0197269
0.00402361
0.0126316
-0.0115654
-0.0437169
-0.0583431
-0.0504982
-0.0541511
-0.046767
-0.0411345
-0.031532
-0.024519
-0.00150801
0.0187808
0.0267494
0.0334325
0.0363688
0.0556698
0.0455918
0.0393822
0.0294166
0.0142527
0.0182681
-0.0232101
-0.00527552
-0.0379772
-0.0500602
-0.0440464
-0.0430768
-0.0382066
-0.0299321
-0.0190682
0.00331526
0.0248499
0.0258194
0.0273868
0.0456686
0.0509848
0.0408164
0.0381157
0.0307214
0.0138065
-0.0188692
-0.0196931
-0.0573728
-0.0506937
-0.0535067
-0.0621111
-0.0516353
-0.0462435
-0.035605
-0.0296415
0.00327499
-0.00668354
0.0134401
0.0549083
0.0541118
0.0678765
0.0642331
0.0525381
0.0428103
0.039595
0.00813519
-0.00446826
-0.024653
-0.0275065
-0.0491696
-0.0544744
-0.0548617
-0.0470388
-0.0372749
-0.0312306
-0.0174088
-0.0161343
0.0251425
0.0536331
0.0307844
0.0400779
0.0516561
0.0427076
0.0362148
0.00744584
0.0246556
0.0116278
0.0318368
0.0224329
0.0149361
0.0140565
0.00815029
-0.0108863
0.00333317
-0.0322389
-0.0453578
-0.0627045
-0.0321479
-0.0396882
-0.0416885
-0.0304352
-0.0265039
-0.01989
-0.00396681
0.0340673
0.0165157
0.0252656
0.0388318
0.0281341
0.038536
0.0281738
0.0128407
0.0013087
0.00928357
0.0018471
-0.0193477
-0.035533
-0.0255517
-0.0244311
-0.0252848
-0.0225413
-0.00924864
0.00477483
-0.00561997
0.0167098
0.0182645
0.0392409
0.0351112
0.0479795
0.0461653
0.0344501
0.0197041
0.00401756
0.012617
-0.011554
-0.0436709
-0.058281
-0.0504435
-0.054092
-0.0467152
-0.0410884
-0.0314961
-0.0244909
-0.00150463
0.0187621
0.0267213
0.0333964
0.0363287
0.0556087
0.0455408
0.0393375
0.0293824
0.0142349
0.0182468
-0.0231869
-0.00527008
-0.0379363
-0.0500055
-0.0439972
-0.043028
-0.0381627
-0.029897
-0.0190449
0.00331419
0.0248251
0.0257923
0.0273568
0.0456183
0.0509278
0.0407695
0.0380714
0.030685
0.0137884
-0.018852
-0.0196738
-0.0573125
-0.0506389
-0.0534476
-0.0620419
-0.0515763
-0.0461899
-0.0355627
-0.0296062
0.00327458
-0.00667488
0.013426
0.054849
0.0540519
0.0678009
0.0641604
0.0524773
0.0427599
0.0395486
0.00812308
-0.00446559
-0.0246274
-0.027476
-0.0491146
-0.0544125
-0.0547984
-0.0469833
-0.0372298
-0.0311926
-0.0173866
-0.016115
0.0251165
0.0535752
0.0307486
0.0400309
0.0515958
0.0426562
0.0361704
0.00743247
0.0246556
0.0116278
0.0318368
0.0224329
0.0149361
0.0140565
0.00815029
-0.0108863
0.00333318
-0.0322389
-0.0453579
-0.0627046
-0.0321479
-0.0396882
-0.0416885
-0.0304352
-0.0265039
-0.01989
-0.00396681
0.0340673
0.0165157
0.0252657
0.0388318
0.0281341
0.038536
0.0281739
0.0128407
0.0013087
0.00928357
0.0018471
-0.0193477
-0.035533
-0.0255517
-0.0244311
-0.0252848
-0.0225413
-0.00924865
0.00477483
-0.00561997
0.0167098
0.0182645
0.0392409
0.0351112
0.0479795
0.0461653
0.0344501
0.0197041
0.00401757
0.012617
-0.011554
-0.043671
-0.058281
-0.0504436
-0.054092
-0.0467152
-0.0410884
-0.0314961
-0.0244909
-0.00150463
0.0187621
0.0267213
0.0333964
0.0363288
0.0556087
0.0455408
0.0393375
0.0293824
0.0142349
0.0182468
-0.0231869
-0.00527008
-0.0379363
-0.0500055
-0.0439973
-0.043028
-0.0381627
-0.029897
-0.0190449
0.00331418
0.0248251
0.0257923
0.0273568
0.0456183
0.0509279
0.0407696
0.0380714
0.030685
0.0137884
-0.018852
-0.0196738
-0.0573125
-0.0506389
-0.0534476
-0.0620419
-0.0515764
-0.0461899
-0.0355627
-0.0296062
0.00327458
-0.00667488
0.013426
0.054849
0.0540519
0.0678009
0.0641604
0.0524773
0.0427599
0.0395487
0.00812309
-0.0044656
-0.0246274
-0.0274761
-0.0491147
-0.0544125
-0.0547984
-0.0469834
-0.0372298
-0.0311926
-0.0173866
-0.016115
0.0251165
0.0535752
0.0307486
0.0400309
0.0515958
0.0426563
0.0361705
0.00743247
